5.02116088508,0.0632294230202
-2.38106743962,-3.94798526426
6.08678952918,0.881404567872
-1.67168383446,-5.22414694481
3.73699414265,1.67571889868
-0.889937040905,-5.42121641937
-4.80710837265,-4.40153281889
3.93581204685,-1.86223384149
-4.31663179538,-2.01802944313
3.4940492949,-2.948589396
4.78837203204,0.0639941559215
-0.995307358527,-7.47055516642
5.40624753899,0.926800227694
4.48433870276,1.69722866348
-2.78281913998,-5.03569949902
-0.544963549162,-5.5426210232
2.03815680334,4.49446080405
1.00560164216,-2.59660058998
4.02166991396,-3.25946589548
4.64778393047,2.34633907975
3.50346654845,3.33692926477
4.74689701169,-0.629873096335
3.21116685836,3.25419184478
1.82777315061,-5.09201551901
4.94159476953,3.35226393109
-0.958800895512,-4.77595212274
4.1432929446,2.51023244072
4.48210941499,1.63941179578
-3.30024891758,-1.97385692589
4.74488081419,-5.65680064479
2.35802370621,3.97354609802
0.876090871186,-4.68197667203
4.85029865254,-0.760714625197
5.88634071616,-0.719292665032
5.70267534439,0.0478152753742
3.54763031814,1.30963954905
1.80519553654,4.61441088122
3.19366927236,3.45051114486
-0.0652136118595,-4.62389975287
4.85819004822,-2.68183976645
3.67045557174,-2.58083230919
5.73021242098,-0.305003167902
3.13939887121,1.97140000923
2.13560893255,-6.15908750736
-2.88162324392,-3.80554943561
3.21353629062,-2.817897831
-2.35705391265,-3.40063575315
0.397662858554,-6.36938944013
0.296523782739,-4.99229127388
5.12425876595,3.56446676027
3.87414051897,-1.17018933921
0.707525179982,-5.67232894896
-0.446505116676,-5.14844284258
2.7956812432,-3.33176514844
-0.675667403575,-7.15623391895
3.23967198642,-1.1674717047
2.50919453309,2.17867170442
2.06936685308,3.98736840383
1.10920833053,-5.66617891206
-4.55804053944,-4.55028758455
1.79694257287,-2.91258216904
6.50783872905,-1.5608325045
-2.3200935428,-5.50599419301
4.57645281607,-2.03960796417
3.60558258493,-1.44934478824
3.34160486355,0.166033076131
4.35729810778,-2.83126610887
3.75023920343,2.14760307524
-0.0774042468759,-4.09096790068
-3.4321695425,-2.75058754513
1.50347779053,-6.53584693084
2.80504609652,3.90986119776
5.73769178783,0.451479715217
5.41665242615,-1.01004466623
-2.84638272669,-1.70130956583
-2.0037746245,-6.48300204564
2.94759871978,-3.59269608312
1.05025178437,-5.10790953797
4.12508065742,-5.00916949554
-6.19409473812,-1.98934154924
-0.792222284643,-5.73701160099
5.05902219787,-0.637000714278
1.6488998714,4.39407043105
-4.29714452483,-2.43274696198
4.88457844588,-2.5394419121
2.91500432522,-4.60663957735
0.0373026926803,-5.80566227098
2.8510012556,5.84787903168
-1.62080432648,-5.41569998922
2.24948435591,-5.45251009568
-3.81497502698,-2.86525473554
3.81706006451,6.31210592226
5.65141907799,-0.439221337434
-3.82111919904,-3.12997224378
-1.35280941229,-4.14356066795
-0.39283213953,-4.99616787016
-0.63282638825,-4.94613189112
3.43386134066,3.3664873866
-0.818551623497,-3.46042573159
-0.471970318992,-4.29806070372
2.27561282059,4.19867428516
-0.68224852768,-4.63712298818
3.02309534915,3.65308115981
-1.50670176723,-4.75803273761
-0.82432020137,-4.05087501761
3.22902750123,5.37517297187
5.90015591067,-1.0508418177
2.79512201073,1.66586605956
0.139356942542,-4.12367412086
2.06915463891,-5.79371417355
3.33558428393,-3.51727811832
5.57584319725,1.23389934784
6.429289312,-0.20160341433
4.48145448539,1.55181329564
3.88561656343,-4.00770680742
4.85931854664,-1.42101586498
2.86910496432,2.43912959344
6.22492555473,2.28421228844
3.43174801261,2.87658903807
2.11955858079,4.16495669078
1.39114215924,-5.79919805891
4.76130212224,1.12472115187
-4.79651244141,-2.3285032622
4.04702158465,3.98977608929
6.14695147649,-1.42840861487
4.37884869284,-2.20605045885
3.70944556872,-5.2591208047
3.8884618082,-4.24508773985
-2.09560852524,-3.03196449582
2.13477286564,2.87691085499
1.93444610825,-5.26802204095
-3.472062335,-2.54125939269
2.9400279828,-3.17599366733
2.14700079312,-4.67288265559
3.95234841481,-4.22873868536
5.62349870002,-0.942832129964
-2.53837268013,-4.32130841227
0.0803542990021,-4.10565351859
-0.788941311781,-5.56097220295
-3.04595757812,-1.22697346443
3.36428093173,1.82514296875
-4.1285320281,-4.9326961852
3.73861442286,3.44901584793
5.31982556573,-2.27178360061
3.83325160779,0.0680309621621
1.60407127869,-4.15840795852
-4.43753046544,-2.4908900036
0.956589420921,-4.5106664724
4.23175914062,2.33047639764
2.11643803356,-3.93682900261
1.41141726738,5.36287394928
3.96041288793,-3.07560584011
5.19372400713,-0.0231220543723
-3.47124281431,-2.65546015975
5.50544812149,-0.00308883473144
-0.145737714721,-5.10144390561
0.587440559607,-4.29661963517
5.06465657227,1.65076598495
5.89390848417,-1.19686608836
3.96909690974,3.20425413411
3.17248503642,2.95435227818
2.28695964862,-5.38733552473
2.66933820992,-5.21692127182
3.1225884702,-1.61610638279
2.45722480389,4.91405588171
4.64163564898,-0.27587302004
2.6060897085,-3.14640457959
3.43720673843,-4.36228982982
3.4940587923,1.5542005551
-4.03188633434,-1.91418382819
4.72384487065,-0.317466023387
3.620337876,-2.945181343
-0.324407922649,-4.88972044531
-4.3149909748,-2.88438265877
-2.73677747894,-2.47078903274
3.05143999481,-5.84481449155
5.02060527747,1.76444393728
3.74462717753,5.78189834188
1.93554207472,-6.13708927573
4.68082781615,0.783216019737
3.17855248697,-2.62260928484
3.80315497484,3.5396827373
-2.83562382917,-2.71096763045
4.0784451877,-4.00416534147
3.74502960809,-3.9003490171
3.7310678274,3.42706448275
-1.18044154611,-4.40097561921
4.82561384888,-0.345196365455
3.05103504121,-5.32833620265
2.29880155117,-2.90418653981
2.05395976739,-4.16443934453
0.207595916018,-3.88189048445
3.83591229709,4.83516523118
-1.2872175411,-4.97977879527
4.39226548069,3.35390665361
0.122629670552,-6.15339094066
6.38060956386,1.44897986662
-2.02153276122,-2.94999352456
2.03650428916,-6.4913164335
7.29480059299,-0.627542401131
4.25287045079,3.87039964825
6.15432572172,2.15890383386
4.12218238911,-2.43141031685
4.16992238221,1.14635466319
2.48608786902,4.43786079297
2.76002650864,-4.79546918189
-2.56766938945,-2.99267085588
2.49749043092,-2.19159288625
2.95691883183,-3.39999906873
5.45579175478,-1.73169528329
-3.93224484733,-2.34556782368
3.59107635934,3.58725694701
-2.82945223151,-4.1420915888
4.79703470653,-3.10069675649
0.154137105609,-6.16222609069
2.40720511031,-6.05984168269
4.23229851148,-3.93229848293
5.16347676141,-1.35770824373
-4.30562792059,-4.12142481913
4.47053459322,3.34230160187
4.33221627569,0.77536084112
-1.46170542131,-5.55907277592
5.51812612279,1.5816988075
-1.24193421217,-5.51228482791
0.841698128714,4.55737248336
5.93259395067,-0.33089565043
3.55537190554,2.79741724951
3.23798918126,-4.77963068437
4.25479510345,2.02646813158
3.17308385674,-1.82594453362
-3.03544876756,-2.87436233187
6.88376184187,-1.02160879975
3.40713915699,2.0260240748
-2.49562815883,-3.40868095139
-3.35082351157,-2.81733047335
3.84693188432,1.64944848772
3.20168026639,5.59416249472
3.13708662209,-2.75583219636
-1.58307123382,-4.31938493128
3.10039105115,-4.52287523779
2.21120167498,-0.922350203354
0.849653354592,-4.66695650812
3.95034306851,3.3969285311
-1.30073106626,-5.19490330241
1.88753319735,-5.00999955714
-3.6034899936,-4.87029337088
-1.16950633803,-3.86672497551
3.4432236461,3.78726806961
4.93032301698,-3.04400883424
6.17317962431,1.67022715217
3.81550157791,5.02855096796
-3.08425247264,-4.81036859975
-0.694677305097,-6.23558942392
3.40350657591,-3.87241194024
7.60819876879,2.0315383543
6.21351917781,-0.506583562951
3.49217212085,-2.61822970242
6.57421679834,0.0529949846113
4.97383474734,1.50542943526
-1.41175714788,-4.5099772767
4.64418526138,1.51621511134
2.53195944573,5.11185899782
4.77354322281,-0.723190379326
4.44747542968,-0.764299866178
-3.07291831555,-5.27954152979
1.36191110566,-5.42077398407
3.5856367874,2.65441497926
-2.91472724617,-3.76616769449
1.89824946054,-3.24701695301
4.79845561947,2.90204714452
5.73724278525,-5.91875918736
3.93572098884,1.09050845122
-2.24034934461,-1.58536993935
5.45486136806,-1.53591758256
2.95257944099,4.30196458261
-4.69269005461,-3.14784639911
4.74410533076,4.2224495458
2.98270638692,-2.2552781307
6.21549250502,-0.209798210517
4.4473423877,-5.09867984205
3.18486850461,5.06137245488
4.67481428206,1.67706374948
0.9734510842,-5.50617001785
0.827509970258,-4.86311965961
4.03087635939,-3.40323775264
0.128165145291,4.3474459937
0.21896852183,-5.74443386296
5.32083691153,3.56200120345
4.4528449214,1.8154222397
1.94713181269,-2.36580593267
2.29051842657,-5.63244793717
3.57274336526,-2.72131254021
3.62602272308,-3.2261168524
-4.94617576697,-3.37394754398
2.95603875712,2.87611451076
4.3949624693,3.8261992425
-2.61526380069,-3.21000984774
1.63863543427,-6.50744806344
4.23036920409,2.70762225198
3.09135798534,-6.6662102488
2.66006676432,5.59304992117
-3.35316193632,-5.81535776068
-1.65550306707,-4.44787685317
5.08790446973,0.476424261753
3.05438846439,-3.34858855396
-3.39752975156,-4.01480741427
5.91830324668,0.0558389712956
3.01934051388,-4.06792306277
-0.668144641008,-5.59074241442
-1.56479851041,-6.66940917945
-1.90202860778,-5.28676193545
-4.11549468532,-3.8281342916
-2.75524903785,-3.36951613048
-4.79557721651,-0.845079602635
-2.89044237294,-2.45953641096
6.07785682978,1.30570936459
-4.25024985379,-4.09369297577
3.43279982745,2.09523041454
0.881052810431,-4.03606580411
5.70535215516,4.35440360075
0.833446027457,4.07706067638
7.16269863929,-0.2967609002
5.4652528627,0.462798016185
4.40522830564,-0.600587088771
3.99690688024,-0.508610326355
3.37375992202,3.91751895821
-3.34761139139,-4.17045778863
-2.49044250615,-3.43159317579
4.07711946737,3.5537378237
-1.31647615595,-5.72745011199
-0.495126053555,-3.32737847259
-4.89236341932,-3.93453665163
3.08605384464,0.842936732174
-4.01471833921,-5.13076284319
-4.52501806475,-2.27919830063
-0.243948719905,-5.36880137276
4.28038457864,-2.54874468928
2.33153103497,3.13846862371
3.61387284308,2.88745230937
4.15081122091,3.91033234661
2.90889130334,-3.47348451198
3.02110366335,2.93806020016
0.943274777571,-4.25280009997
-2.50845644892,-3.14062384396
3.67112205129,-4.69909566657
6.53993689676,-0.47806620253
0.595638267301,-4.5394091452
2.20821542053,-4.4110018137
3.32456714748,2.86517434289
-1.92338120938,-4.95634230933
-1.25884140132,-3.39735411549
2.68987582216,3.74863995037
-0.28088463627,-3.64608996518
4.54745280654,-1.53205487437
3.51358241148,-2.75791090296
4.25851412792,-0.562580154465
4.60294919599,-0.541256410297
4.57094310323,-3.40638157815
1.2403219474,3.48792947709
4.82495099188,-0.787792164274
4.69729801272,-3.04504855349
-3.73574400453,-3.22126732867
4.4072266326,2.21526027554
1.42261323595,5.01824425468
3.73003632881,-0.103973540568
2.1270383826,1.84884635813
2.46688883665,2.28542469628
5.16970835309,4.98366655538
1.24762073338,-5.51823038096
0.630594256199,-3.24419621861
4.96778748778,-2.31667183806
-3.37139863462,-1.71757453938
3.52625426768,3.55950747644
3.22789394105,2.72525309186
-1.55817005409,-5.18563450646
-2.29121649667,-5.04987539887
-2.74081531101,-3.18193073391
-1.92974673208,-4.73303674205
-4.14789454589,-2.95185841809
6.53329952005,-0.203497957574
4.4020487284,1.5009694203
3.18742786158,-5.43455167285
2.10071759143,-6.57587881458
3.94377602136,-1.01753975612
6.12399878297,3.12743345414
4.11803814203,-2.62606090319
-3.21981717696,-3.99331469661
2.62742118329,4.53336902059
5.71519995786,1.69327630937
-2.26705406501,-2.43286079154
2.2948815847,5.72212358834
-0.80626744529,-4.94110291197
4.65339875208,3.57102938307
2.48725807642,-3.92191727295
-0.876886129494,-3.51983287109
-4.07658246686,-4.13712647029
4.36607852412,-1.63045246644
2.48731072295,-5.70198259242
5.55772012575,0.652160139904
3.97475774116,-2.2524765101
4.88065753236,-4.0215334435
3.62213364475,-0.293018152357
4.17862659667,-4.20369901214
-2.78386048015,-5.99755171936
1.40746567138,-5.09550966699
3.58791389578,-0.032377834222
4.4913707881,1.83870460088
5.34166400705,-1.06833309638
4.77665975393,2.18259704049
5.31031954424,0.151528211812
-2.94300302116,-5.11944320225
3.64933295936,-4.27649174165
4.93367023603,3.02661080472
0.738353492466,2.81392714612
-1.2426177345,-4.96568233724
1.61152983912,-5.43940288175
-0.517547718624,-3.674413639
-5.46219027792,-1.88139753162
4.31084120619,-2.56829436305
6.70012986472,1.25950133493
5.18665942559,4.83178735746
4.44829177624,1.8336612394
5.18795769067,3.3519231274
2.21716224723,-5.72015676488
-4.8030831683,-3.85991093298
3.1371624898,2.42159157779
3.91276634224,4.70522703985
-0.555334973403,-4.91036827664
3.2808115328,3.40474527945
5.54159729296,0.466176075748
1.67380133218,4.44219832205
4.49022789596,4.24059171433
6.24593536202,-0.867508272649
-3.43012721419,-5.67914828688
-5.73102385896,-2.86086277381
5.67767701981,1.47901231892
3.55009411904,-3.0602240418
4.53178301252,4.45643115569
3.42035364163,-0.77522991015
2.56018561653,-4.73359031871
3.98644986123,2.23809195297
6.72323687545,-2.84909220038
-1.1703664763,-4.21094520967
1.447055544,5.09481539195
-5.67291267574,-3.09821711899
-1.44148033592,-4.89895867403
4.93810349345,-0.651662006434
2.71596245382,-4.15604943405
4.43557796094,-1.97846905594
3.87365729658,-1.63146696268
2.83161549012,4.27560007382
3.9502816885,-1.2196356093
5.05570874362,-2.10275083743
-1.32500198388,-5.02709234395
-2.94789873736,-3.07309245143
5.86520440268,2.46868099208
3.39251745055,-4.4864649538
0.522288360527,-4.75899360595
-4.06135822433,-3.24369156325
-2.22968223347,-4.53504971171
2.31870754362,4.78348118689
6.97792635358,-1.07722794939
5.98816817996,2.6260309316
4.40536618159,4.14446458401
5.84101408697,-3.46639882577
-0.315471449524,-5.61703541195
1.32729363625,-5.08650230458
-2.97604375078,-2.52010844244
0.772261046704,-6.27950907511
3.51612163917,-1.928692812
-4.70187119771,-3.15693003932
5.3761649403,0.843879729759
4.17878515675,-1.32179544958
7.04425287225,-1.05276937961
3.911503088,1.0153479503
3.58297943372,1.62796803687
6.59583487519,0.863747618266
4.43164709759,-1.05846379051
2.64251882112,-3.09168624786
5.98076003613,2.00092773805
5.59630518045,-0.945811390588
4.93898576229,-5.55886237162
-4.33678810286,-1.90661010604
-3.65886774104,-3.06184779298
3.19141882036,-3.74154773982
5.50286619423,-4.50006593604
-4.0110950736,-2.46994956445
-4.9750210548,-1.6276502509
-3.49449879208,-4.98512849427
1.79499139517,-4.32597524243
1.15300082559,6.21101998308
4.66768691262,-1.36958186744
4.20377729386,-1.60492181703
2.97194438038,4.14129002455
-6.70487622206,-0.934249488685
3.88979960433,-1.04474386097
5.05764001478,-1.20392125395
-2.7189663131,-3.54724866888
-4.15862978064,-3.56067224917
0.903104337724,-4.13977426438
-1.6586896026,0.924361890393
1.20273393614,-0.368466002167
-8.76123769646,-2.95115922512
-8.35157865929,-0.321226716523
-6.53164008554,-6.94970851291
-6.67826629702,0.635488240754
-7.84908123192,-5.20178076671
-7.37914161322,2.68290226977
-6.29146570798,-0.941961992923
-5.5575490287,-8.5394647692
-2.58193183703,2.82836237834
-0.643139652629,-1.09424472805
-5.97460507915,-7.96010701732
-6.41105882192,-8.00440064357
-8.64527578357,-2.9310246045
-9.70669753403,-1.56704936976
-0.710615113391,0.166111012974
-6.75124428976,0.639020797571
1.1543671578,-3.77665550822
-8.7224034457,-1.55538926394
-6.77159458659,-2.3787506392
-0.422177837103,0.0686106386612
-6.83381715513,-7.11935818176
-1.82307064116,1.33500318639
-10.1931077838,-3.77596658518
-10.5694670112,-3.30250316767
-7.63011086223,-7.05623823253
-9.03970913391,-2.17574393725
-7.52982068354,-0.93923368956
2.09868085752,-2.39103939955
-9.52317181937,-5.36695174107
-4.26588196222,1.18020666357
-6.56006907536,-0.0491906854937
0.0164492243411,1.55470040317
-7.25227801295,-4.60612155863
-7.15085823896,-5.52609482393
-9.33345533396,-2.86422470036
-5.82226331675,-8.02055963027
-1.07022945548,-0.858602502281
-7.42528784373,-2.31338900433
0.308213745169,1.10591274666
-1.06509961843,3.86760820254
-3.2695060149,4.46064363851
1.44499394357,-2.4901678218
-5.35890975217,2.37789479107
0.993022538435,-0.153314353681
-4.76368567172,0.349299920144
-7.5067526402,-0.248291324005
-8.71789015554,-0.334360783019
-6.11313954169,-0.132619753581
-1.08278352444,1.11667202526
-8.55955154473,-7.67041715384
-7.84675986465,-7.64388200376
-0.312845793477,-0.803112909414
-4.63464266557,-6.9173578972
-4.40770829669,1.43842303455
-7.1976080252,-9.92284756602
-7.49511903334,-1.53214831274
-10.2210287528,-5.1333702788
-8.77213617349,-4.99675306572
-8.79269574435,-4.50884074702
0.170346080236,1.29585581581
-1.72348895134,-0.815144017823
-5.32955697269,0.0981247140344
-8.2030819284,-5.37362521781
-2.77829241786,4.50761360025
-5.78853122578,1.35024696353
-7.08925042261,-7.23464988019
-7.48620599007,-0.454931422893
-0.777398671503,1.67075519292
-6.13876299028,-7.45621801052
-8.60576892587,-1.43109301168
-5.86536431766,0.636096940223
-7.89724622116,-8.86006525304
-6.1337765359,-8.57715799209
-6.24057826627,-6.73091078003
-1.77421803745,1.11156671757
-7.81180850469,1.00177369985
-1.34165930907,0.989064217687
-8.8216510666,-2.09800515859
-1.94389852628,1.21939383204
-5.91781241798,1.8369384363
1.38825045446,-0.548112421531
-1.13810394301,-0.205323413078
-1.23755168523,0.888162818999
-5.75385645766,-1.06810579335
-7.65467527235,-8.04453591247
-9.6770054898,-2.05984042663
-7.9046326293,-4.55174704251
2.82762827001,1.95492729603
-7.83330103424,-4.45435580846
-7.38053926806,-0.464851026757
-7.37715968642,-5.0646454247
-8.46942275466,-3.26809187286
-6.24714726139,0.976650618347
-8.58925386952,-4.73970868706
-1.75307644281,-0.0912837334818
-10.6924333556,-3.40852622951
-7.0331104252,0.545936503975
-9.79275216601,-5.44580605416
-0.451072945001,0.453941388561
-5.08279448474,2.33723604754
-9.96881855477,-3.29045962378
-3.7323257636,1.54185385128
-1.29666739156,-0.488778694278
1.1910674358,-2.22527263624
-1.1280208524,1.53286225926
-9.77868578296,-6.0969866276
-8.23794963659,-3.96094168971
-8.28448902815,-2.60913350775
-7.82423136667,-4.06972166594
-8.44172668743,-3.07833128932
-3.17410243275,0.63544475799
-7.51551957354,-5.12684714369
-2.39886220084,1.18040376734
-7.29773419335,-1.82202775858
-4.78385941438,-0.182902624812
-8.3155635295,-0.587692254217
-7.72963588013,-9.74656697438
-7.19461373465,-0.141407993186
-1.3727976921,-0.179386223005
-6.44868623152,1.34241910356
-6.42131509853,-7.78215202071
-6.13089765782,-7.98686613481
0.106736782414,-0.736555292203
-7.00342976457,-4.6859398079
-9.08381362739,-1.22705400177
-7.78875194846,-6.70151932102
-6.60174050123,-6.00125220905
-2.2105175456,1.42858896591
-8.89881975031,-4.95918337098
-1.81848541409,1.35830808276
-7.30601344809,0.38127870754
-6.71761285019,1.17270520939
-6.71699009579,-6.81281598119
-7.92845824394,-0.605709370745
-6.96377014949,-7.01693716441
-9.59590387839,-3.78811550787
-5.86775226803,0.0395366686746
0.534066773347,0.866750167573
-7.24494456992,0.217485339596
-4.38079609894,-7.22692414384
-7.73470438909,-6.06009610259
-4.4304369002,1.48132973882
-3.95256763685,1.64511504135
-1.43233010136,-0.317283649038
-7.67709937396,2.028300696
-7.01369428999,-8.89570873713
-6.55395273775,-1.78285969332
0.497630552168,-0.0194629591647
-7.63255012721,-7.1562855908
-2.34027692697,-0.401864665325
-5.99695803257,1.9401394935
-3.5188096473,1.36673241349
-5.31573194022,0.782235764787
-3.80430999406,2.00310755744
-0.403446626629,-1.24681533217
-9.44108899634,0.524252516754
-8.47037563934,-7.1193930017
-2.42517460441,1.92349479974
-6.68442633607,-8.86830978228
-8.31287330781,-1.74239801293
-0.23458891796,-0.797887287404
-0.296009651935,-1.94032607198
-8.1538839649,-4.64831821712
0.577365421389,-2.35975352666
-2.34984798204,0.522262639432
-3.37200219284,2.20979569254
-5.68532567152,0.745018855177
-9.03653903557,-3.16590280262
-9.64466290106,-0.455433944496
-2.35845930614,0.600403132541
-4.01589583768,1.73600599293
-0.949806081337,1.59194070587
-8.49614697187,-9.33208274322
-4.27878021908,0.703698299068
-6.41229457623,-8.27776091905
-7.63534801975,-4.31168771775
-6.45122066996,-8.28726598199
-7.68882399085,-4.48288433642
-4.38376393506,0.767220696548
0.16975998101,0.887501589316
-7.73631933233,-5.30846852292
-6.1733151426,-8.17045114962
0.72071266873,-1.15469713862
-7.14284730676,-8.04290942731
-10.009115394,-6.52698928587
-5.51897415696,1.78024985887
-8.2844188862,0.255935797634
-7.72028016921,-1.070777465
-2.24962201288,2.59229219447
-7.15843584018,-0.0305595426037
-10.423354744,-3.36474182559
-6.80845885511,-0.34502113727
-6.53188047767,-0.774024689008
-6.64426551126,-5.75366921727
-7.71804890045,3.4980639674
-9.82484882559,-6.03570343047
-1.25358411648,1.42489657305
-6.47000820997,-5.92057631285
-7.76637009099,-5.60623134334
-7.09641467458,1.21012392439
-5.99953424996,-6.11081466411
-5.71579103995,2.21707595438
-7.64093748766,-8.3145035585
-3.0908434048,1.93210240022
0.67948139378,-0.740605793265
-9.62303374157,-4.96899701595
-1.55189369193,2.14895668321
-7.34077117078,-7.70563137427
-8.45438021105,-1.78187600501
-2.27663267329,1.30358384725
-3.18785809548,0.402492078618
-0.553291076566,-1.6382749719
1.27627984269,-1.50156183234
0.449966869691,0.0138312432995
-2.67404031743,1.76943824066
-8.00556433684,-1.65761955231
-0.644732752095,1.06604706593
-0.150019665366,-1.34712056363
-7.75811862412,-2.06545744607
-7.29039290875,-7.05231315853
-3.5404170515,1.86906376913
-5.65099064153,-1.09104330905
-8.9662192777,-0.600248231228
-8.45698733388,-6.14465193971
-9.90896372583,-5.80652657462
-0.176638236053,0.876379666002
-3.11584756048,1.10590861794
-7.77320430018,2.08054903022
-0.687464918182,1.64712669014
-6.24080399603,1.18209075208
-7.26517302467,-6.11598088798
-4.5680083255,3.47414346968
-0.490468535373,-1.64499900693
-0.992582169688,-0.491750912948
-8.26115396059,-2.11751790435
-6.08015310787,-9.66012211723
-9.86461207869,-1.77406475855
-5.65338756437,-7.30156641914
-6.09030374082,1.12257594287
0.968886318811,1.57394199988
-1.40378777769,1.83691423323
-8.18632450014,-5.81804174255
-9.44832231875,-1.98194416288
1.52623304532,0.369732710209
-8.35607229376,-4.3277685442
-9.43499337532,-1.63538661349
-6.09742229081,0.0342751171243
-10.3475542784,-6.33217799454
-6.84510222062,-6.77129753355
-6.94998108898,-9.43427431796
-6.14472030272,-5.14117054857
-7.841529652,-0.178453812994
-2.45569231849,0.106271847696
-6.14857902057,1.22238829898
-7.1807407907,0.405609345725
-7.4945778222,-7.53065333114
0.476384633482,-0.819005675666
1.41347815737,-1.64758405041
-1.57705746754,-0.366359861314
-8.39943646178,-0.983511548953
1.06722811411,0.182078435404
-1.22885869013,1.09323148636
-0.346569307212,-0.444875035779
-8.00547541446,0.593623212671
-7.71897420273,-2.58836760726
-8.88465622488,-6.46324150857
-8.2931625412,0.194778205678
-7.31228594738,-8.73730713713
-7.45744967055,-2.46147561498
-0.645018020442,0.623829870071
0.649302335072,-1.53634274158
-4.83711688831,1.76016181589
-5.69678970221,1.28258883827
-8.59507203385,-2.41140904964
0.245140611198,0.560318564701
-5.74704143439,-7.89426329657
0.619250869614,-1.58221145326
-6.52042277434,-0.996626429123
0.382444548286,-2.63452543317
-2.61743710224,1.75711942644
-8.13406589863,-7.25382791054
-10.0366518447,-2.34948218025
-10.132683477,-4.67112599544
-6.07024262836,0.682928440082
-8.27475140715,-1.61128103755
-3.1008991268,2.87806761087
-3.70450326614,2.11257140587
-7.01040803184,-9.99786318345
-6.82848397499,-7.49581092798
-5.73972822465,0.015982328493
-10.6600813432,-5.48736243901
-5.56220247605,0.772447575029
-7.05323288525,-6.58822764942
-7.90017705354,-4.30351395555
-8.31885948088,1.10584934323
-5.41179772397,-8.4911992607
-2.8129587917,1.9198777435
-3.95594303463,-0.995957498397
-8.39397708167,-1.6030935396
-8.47831735567,-4.78947016956
-5.20654685556,-7.91553529081
-3.04600656149,1.19825689537
-8.69455324917,-3.41002797521
0.170505273816,-0.268665360115
-7.05323739088,-7.92906942167
-2.4956497108,2.03787397356
-3.47175263803,0.502930351972
-8.27144073974,-4.12198339627
-7.96733417367,-5.0746821978
0.314412428091,-0.328446273596
-6.36599693423,-7.94568210073
-7.74203802878,-0.238542208938
-7.56978649073,-7.54668632178
-5.47091457818,-0.209896408729
-4.32443998379,-8.12753373643
-4.9566805273,3.03340851116
-0.755179293934,1.47735549458
-5.37716440877,-7.22465868144
-7.4317395821,-0.192523473359
-6.82991523773,-6.52657717784
-0.468432374482,2.71877837175
0.468919358136,-1.01225762718
-3.49839387179,1.76108764309
-6.11275190168,0.777703375987
-0.473787901999,-0.471987380173
-2.22789007417,0.749726982095
-6.37394863861,-8.93715152791
0.934201209274,-0.47847442413
-9.99650207905,-1.64495194318
-8.01633632935,0.794597945585
-1.29136389968,0.710746809764
-2.08010157051,-0.0249110939899
0.298261219584,-1.94562085798
-3.85590836622,-0.859535798402
-10.5811660771,-2.25012943326
-9.95145352803,-2.25141717762
-8.67969024918,-3.116829061
-5.63306600335,-7.75156705627
1.38689812549,-1.56300172388
